1	0.54741978	0.6073075	0.74759471	0.47154546	0.64032735	0.74125794	0.84485567	0.13412293	0.40531542	0.2404784	0.57549486	0.39085475	0.8936327	0.834369	0.86371087
1	0.41326606	0.65625952	0.61203598	0.53795802	0.65735413	0.98891162	0.330829	0.65381202	0.9828352	0.14218716	0.37818614	0.97295833	0.97178599	0.96605275	0.11920726
1	0.48782795	0.6111064	0.74180341	0.49415849	0.62960119	0.48485333	0.12085957	0.1841941	0.23737302	0.95693592	0.81311281	0.90636432	0.79468216	0.39002651	0.22868758
1	0.49081424	0.68803294	0.69542232	0.54236729	0.60208492	0.49517702	0.33293628	0.051331886	0.70671522	0.63566139	0.41342729	0.83672278	0.93350161	0.93111163	0.40138685
1	0.64147185	0.61529382	0.72069727	0.52980785	0.63777124	0.10579827	0.90085249	0.76395708	0.3691988	0.29414863	0.95738402	0.82964339	0.97480167	0.5988681	0.42645554
1	0.5137835	0.65800716	0.78760509	0.45920629	0.62547984	0.18971041	0.46706819	0.072885299	0.55778897	0.95089442	0.21773207	0.13860172	0.66846427	0.19078465	0.83336356
1	0.51236655	0.66630314	0.72445814	0.49250513	0.58357213	0.6966672	0.44602665	0.11035348	0.39679932	0.2241715	0.84321334	0.35314181	0.81095003	0.53188917	0.42939734
1	0.51864293	0.61071745	0.72654971	0.5403867	0.63387335	0.39470748	0.18907217	0.10166939	0.93375985	0.66598722	0.066946258	0.61833738	0.54366323	0.81468169	0.43517555
1	0.55803051	0.75129998	0.71409679	0.45995922	0.62395947	0.94930391	0.082071207	0.010336618	0.0078202936	0.92367561	0.67664468	0.69474323	0.55984071	0.30172678	0.58560913
1	0.49984726	0.57139224	0.70380925	0.55338867	0.53993005	0.44837291	0.58598704	0.35963491	0.36765292	0.33531133	0.37356381	0.18222751	0.12202052	0.20567234	0.45421237
1	0.44229415	0.62326145	0.73961735	0.46379269	0.56489342	0.82172118	0.12393228	0.63107	0.67329491	0.80920385	0.13786899	0.83522051	0.50388777	0.51536722	0.14315602
1	0.4927517	0.63120249	0.66928938	0.47777068	0.65492757	0.76350464	0.66641622	0.52188567	0.086666547	0.45259254	0.64011655	0.4897638	0.25784617	0.76258554	0.77555464
1	0.53062635	0.56899358	0.69849827	0.57694792	0.56000669	0.79040722	0.94793312	0.74631343	0.092352339	0.020535775	0.94557919	0.4923451	0.021555887	0.32421992	0.50784883
1	0.44732496	0.58509182	0.74931938	0.41273133	0.64462556	0.42992141	0.49035729	0.089891651	0.42956446	0.74861887	0.21780159	0.3224604	0.64680967	0.65753054	0.55937057
1	0.55766328	0.52486821	0.73291739	0.53623671	0.59274708	0.33085788	0.69516304	0.29824397	0.76895826	0.95345707	0.53413757	0.64647743	0.47062472	0.54655379	0.097697918
1	0.46965547	0.62756452	0.7280581	0.45756272	0.70049207	0.92960887	0.34787919	0.72272454	0.25779225	0.99700327	0.0098022523	0.87704872	0.93372566	0.81942224	0.086815101
1	0.53873715	0.67304769	0.69239977	0.39681723	0.62177445	0.36581618	0.24673453	0.056704689	0.20602786	0.29922502	0.08750035	0.099095282	0.26843882	0.89965099	0.3863899
1	0.52013122	0.66196816	0.68092571	0.50803167	0.59950185	0.99370462	0.22784294	0.41452254	0.08623453	0.35077674	0.57102587	0.23644493	0.019257477	0.91371168	0.56205605
1	0.50686795	0.62399861	0.72645931	0.51916066	0.51290205	0.1970538	0.44518317	0.76142589	0.037234634	0.036563018	0.62593763	0.74982221	0.74901847	0.39813088	0.51699676
1	0.45981736	0.65100301	0.69129154	0.54704764	0.61086044	0.27027042	0.53580106	0.50542814	0.27293879	0.6797339	0.8990049	0.39828223	0.26909154	0.39582223	0.10801669
1	0.55886781	0.59554855	0.74487819	0.45776369	0.66274751	0.7550771	0.64031183	0.82580886	0.69643299	0.41509339	0.35445573	0.36063657	0.78029582	0.060466772	0.5051331
1	0.44854679	0.61031232	0.77800304	0.47961427	0.58196452	0.37739554	0.41702895	0.33809772	0.12533218	0.18073776	0.41062909	0.75650954	0.66851221	0.084247052	0.27142162
1	0.49887528	0.70134883	0.6036858	0.4180568	0.57714701	0.58279097	0.054239484	0.11749285	0.07399477	0.65245107	0.922332	0.44944356	0.48454827	0.2020751	0.25728278
1	0.49092765	0.61190023	0.77468641	0.49024724	0.64127701	0.35922821	0.20549417	0.3073669	0.65549804	0.17500974	0.80209144	0.91749383	0.80037209	0.43782018	0.15250064
1	0.50149744	0.57603968	0.6497472	0.58181501	0.68981334	0.70404743	0.63519792	0.33209283	0.26617884	0.51655821	0.018177534	0.93602733	0.71567807	0.24622811	0.61739017
1	0.57491901	0.62667399	0.71197122	0.47496675	0.54764784	0.26214532	0.61471342	0.053754392	0.60353344	0.10592042	0.22771283	0.81160258	0.7201658	0.71379558	0.57161573
1	0.54743052	0.64167554	0.69545461	0.49828797	0.62001026	0.88428102	0.063404501	0.55666983	0.14202725	0.22866948	0.60263822	0.23038307	0.54915809	0.55354157	0.65591382
1	0.53783122	0.67695453	0.73998816	0.59689327	0.60410207	0.13629255	0.30130606	0.79896028	0.077346808	0.85226389	0.88654386	0.73105083	0.59318458	0.81864074	0.44384584
1	0.53657486	0.7704004	0.67478933	0.45225282	0.58934951	0.19202835	0.89075212	0.67539118	0.22895325	0.42433478	0.66061682	0.55729516	0.88415306	0.12281499	0.7842326
1	0.57963152	0.61833913	0.71617727	0.4727735	0.5580634	0.391183	0.87392741	0.77724054	0.60985717	0.52504516	0.041819864	0.97912913	0.13872464	0.72234851	0.766682
1	0.49172078	0.61376145	0.83947228	0.50867985	0.56434905	0.8085141	0.56497957	0.10915421	0.77272213	0.39888075	0.93966101	0.61947156	0.78811343	0.13433834	0.98696827
1	0.46363586	0.52240919	0.7501711	0.56026809	0.57784393	0.67143114	0.48429651	0.29993699	0.091498731	0.45788633	0.61727923	0.10153389	0.68622346	0.69480519	0.015644693
1	0.57385962	0.56460773	0.71554876	0.54428636	0.55917033	0.97274085	0.72975186	0.90515356	0.55177853	0.74254537	0.34743765	0.044165572	0.12165845	0.6642799	0.94521349
1	0.44560236	0.61523894	0.7267769	0.47508529	0.5831567	0.14760822	0.025228181	0.79835086	0.16620356	0.06001882	0.30891459	0.3661568	0.65385059	0.89786568	0.39017594
1	0.55473465	0.61137653	0.70576861	0.52299655	0.61946588	0.53034422	0.58009037	0.73626746	0.10060632	0.31752058	0.80055866	0.21014564	0.3423735	0.89619886	0.45938005
1	0.47221991	0.55839978	0.744353	0.42953025	0.59534647	0.86198048	0.93120138	0.78137705	0.12649987	0.4400356	0.68017837	0.35686899	0.59752658	0.97422163	0.59048318
1	0.5391127	0.60984462	0.7790249	0.4744995	0.6440551	0.85071267	0.55903254	0.68371557	0.98793473	0.63118873	0.78287207	0.50378079	0.40672692	0.50384008	0.14025536
1	0.50729656	0.64037676	0.64448997	0.51843116	0.57781844	0.67126437	0.14204112	0.66791612	0.65557317	0.93261357	0.76683139	0.32775496	0.93940971	0.53990509	0.082962649
1	0.52988336	0.66701878	0.73716136	0.50699669	0.62748243	0.47946322	0.00052237536	0.89848614	0.74913146	0.40218399	0.025134986	0.70433962	0.18920684	0.9879747	0.62005505
1	0.44992091	0.61617329	0.7313095	0.48879295	0.66110667	0.76885425	0.57370976	0.72970945	0.10881794	0.79465789	0.24416529	0.95417446	0.80082029	0.63114121	0.17104802
1	0.58451176	0.57209099	0.71651868	0.48840683	0.61081084	0.093820027	0.58144649	0.10401157	0.15184553	0.024434016	0.021649815	0.17898248	0.39901997	0.71666974	0.38993066
1	0.54610867	0.59777355	0.7433531	0.53684889	0.56298678	0.64731148	0.98995021	0.5399821	0.23482691	0.3813452	0.72577527	0.26905473	0.67511242	0.45474183	0.34689519
1	0.54475441	0.56911807	0.69348194	0.55003522	0.63038391	0.6786523	0.29553383	0.73434108	0.91380041	0.50563662	0.45469486	0.13776289	0.87255256	0.88623504	0.3001844
1	0.49319733	0.66810108	0.72525405	0.5547988	0.58380408	0.82558382	0.51337742	0.74125405	0.25104185	0.41904829	0.082592727	0.34878481	0.52120295	0.88773922	0.36718991
1	0.50462787	0.58260369	0.64479178	0.4967555	0.70444313	0.21601892	0.20597552	0.29397305	0.13015145	0.25538674	0.98434942	0.41390075	0.13350386	0.16389832	0.10075051
1	0.43761559	0.59498367	0.75376232	0.46844204	0.61948293	0.72104662	0.47952339	0.99949162	0.97059853	0.75811243	0.84156009	0.4774922	0.62027843	0.78442309	0.55669463
1	0.50265753	0.67593426	0.70935956	0.59592965	0.61125569	0.88777095	0.85299816	0.080862423	0.45173923	0.12018702	0.18214108	0.55226162	0.30774558	0.9509152	0.0045796239
1	0.51893826	0.64017604	0.73475875	0.54588663	0.59165025	0.54388593	0.52768007	0.70691742	0.73495754	0.16113397	0.37036269	0.67303117	0.36102205	0.2466872	0.51699042
1	0.52744469	0.60156922	0.65269201	0.51809093	0.64456676	0.5254044	0.92831306	0.74554607	0.78193197	0.29018527	0.91056999	0.33895568	0.047401462	0.28338438	0.59090473
1	0.49788788	0.62614449	0.67466493	0.43309311	0.65461615	0.68779609	0.12308375	0.093370517	0.43264233	0.82357447	0.08707722	0.92735622	0.92274457	0.43850882	0.056343019
2	0.70595075	0.091513167	0.75876627	0.0086476879	0.09462887	0.38672369	0.38642974	0.39219596	0.39552577	0.41314212	0.067383314	0.39926331	0.59765452	0.5135631	0.88442266
2	0.43632708	0.3416441	0.87147652	0.46348925	0.60595905	0.25898957	0.3096453	0.41665561	0.31338047	0.33921344	0.43741848	0.58243143	0.52697975	0.013655567	0.60034479
2	0.90105791	0.11611851	0.053862926	0.73495593	0.85492594	0.29133154	0.36266412	0.31064269	0.30622203	0.35806338	0.47361794	0.95711218	0.60295018	0.87351218	0.17883995
2	0.31641951	0.85875903	0.051448293	0.88407681	0.33813232	0.23420434	0.34513018	0.27363059	0.27587303	0.42872545	0.75192951	0.96877766	0.14133603	0.9044057	0.51734413
2	0.24314518	0.40384337	0.23179161	0.3279416	0.40951493	0.37846159	0.34214221	0.3026292	0.30021575	0.26193001	0.14049944	0.55544354	0.74052659	0.97585397	0.90843837
2	0.59159441	0.84637289	0.91018783	0.48889979	0.55699826	0.25297902	0.34387818	0.45715318	0.3658619	0.37206916	0.62288034	0.95938058	0.22663972	0.14276323	0.80609598
2	0.40385671	0.91106705	0.85485168	0.43329898	0.051436054	0.30759274	0.4101607	0.32703024	0.38898764	0.32666869	0.095446524	0.21327039	0.56911103	0.48848568	0.67810608
2	0.70640723	0.39268458	0.39341151	0.8444874	0.067222658	0.24979819	0.42044854	0.39015621	0.21105873	0.46718401	0.34106497	0.44680086	0.87494272	0.089611935	0.16293957
2	0.24357337	0.024855234	0.82657398	0.6153251	0.95079032	0.19907893	0.3673006	0.3363685	0.2915952	0.37552557	0.54135393	0.81598725	0.12100009	0.82596548	0.56591059
2	0.0011983968	0.82998243	0.11562588	0.40745951	0.54329943	0.20920584	0.34818199	0.26801503	0.33451515	0.4468415	0.13975876	0.56743006	0.46751702	0.37972394	0.9975519
2	0.39388343	0.97149964	0.31810473	0.78485243	0.74240507	0.23837788	0.36658677	0.41027572	0.33704899	0.34937005	0.33808479	0.027629008	0.21786512	0.1793691	0.68568714
2	0.85306363	0.27887561	0.43236779	0.22620864	0.6805662	0.29803915	0.27704866	0.3581055	0.27440912	0.41006137	0.52743396	0.60772697	0.28948487	0.68330792	0.090961688
2	0.18771295	0.2552622	0.5178456	0.7156354	0.23478264	0.26158414	0.29777127	0.40664752	0.35319913	0.47109173	0.60882145	0.41693475	0.353639	0.00099941812	0.7906449
2	0.85637691	0.061401442	0.72886387	0.091100175	0.29336793	0.30628205	0.29848871	0.31123287	0.25820725	0.44908349	0.39390014	0.61642133	0.065239805	0.52974569	0.62027812
2	0.55273213	0.22988608	0.40350139	0.17897515	0.85716871	0.24067474	0.31115631	0.39819623	0.35147825	0.42011108	0.24694137	0.47232107	0.041921005	0.017920369	0.67856864
2	0.90909819	0.97107523	0.59099146	0.9636122	0.81029479	0.23169943	0.27652961	0.39794765	0.25663144	0.38425464	0.014093075	0.67921966	0.36616244	0.58782063	0.87746954
2	0.1981697	0.08866584	0.27878402	0.8999828	0.36728592	0.2715319	0.37750254	0.382116	0.36087011	0.44391241	0.049564766	0.98524631	0.97014463	0.80062298	0.073841877
2	0.5485663	0.69963377	0.96240394	0.88424278	0.75687547	0.1707249	0.40618407	0.39534875	0.25508128	0.45785298	0.035590563	0.38293799	0.87503273	0.15986884	0.052485543
2	0.033179406	0.95734528	0.94632499	0.34756715	0.38456689	0.23150362	0.35060508	0.34417054	0.26569181	0.33100788	0.58836645	0.26871235	0.068339468	0.40627994	0.53168959
2	0.14248405	0.71943275	0.14765578	0.33432942	0.93218336	0.21175935	0.34514153	0.45811058	0.34146487	0.39783662	0.85665648	0.17779409	0.41376994	0.86425469	0.31930159
2	0.17930184	0.1726045	0.18384294	0.91733604	0.7552204	0.29481656	0.40628919	0.33898358	0.25796705	0.42094591	0.42896035	0.4753543	0.44301659	0.12757906	0.72674147
2	0.96155857	0.39710884	0.58701917	0.030385272	0.38619114	0.24732752	0.43148704	0.32264784	0.22879421	0.43179612	0.49810449	0.27826702	0.37936983	0.49653732	0.11885328
2	0.69961699	0.78902892	0.30434895	0.54813278	0.83233366	0.23137642	0.3768332	0.27538222	0.2726061	0.46760829	0.24178679	0.82449942	0.068134457	0.68035167	0.99051122
2	0.33653293	0.090346738	0.49794882	0.16157257	0.98045485	0.20366134	0.30453471	0.30567663	0.30405648	0.33217267	0.010177456	0.68089956	0.89893974	0.16919833	0.51577286
2	0.68003864	0.43504072	0.26383404	0.12726603	0.18809207	0.2135261	0.36574716	0.49069501	0.30042045	0.42087879	0.085552232	0.17090324	0.23987747	0.98199328	0.24409592
2	0.17581173	0.72568792	0.9624314	0.023632467	0.095949417	0.23291109	0.42256212	0.34012663	0.305618	0.43855955	0.66768176	0.52394765	0.87776393	0.81359119	0.14452691
2	0.62525518	0.31783305	0.58019183	0.36900308	0.55257218	0.30996548	0.40067419	0.40942961	0.28171065	0.36036887	0.65045932	0.95960928	0.71424241	0.37882313	0.22653446
2	0.17489207	0.72691455	0.90810242	0.90199081	0.89542352	0.26550696	0.43415798	0.28560166	0.28701091	0.50789053	0.69569093	0.83135976	0.12543996	0.54468244	0.88522004
2	0.2748114	0.57605346	0.93497909	0.63333358	0.98827714	0.12090474	0.26496768	0.37332204	0.36515467	0.41597312	0.0089150563	0.33337269	0.14233972	0.11967536	0.94600895
2	0.64553451	0.31185995	0.14250932	0.97898547	0.12553623	0.26618188	0.36159413	0.33694398	0.34403765	0.44922921	0.94316984	0.059691032	0.93597555	0.98692677	0.98605107
2	0.50439786	0.85035734	0.25683535	0.1337805	0.025150501	0.27618237	0.36872853	0.33814448	0.22277106	0.3762743	0.8064668	0.8896353	0.11714517	0.25030589	0.41318336
2	0.32192718	0.85857053	0.99424301	0.57773888	0.52855909	0.25241712	0.33625395	0.26150298	0.20627364	0.4293602	0.95797519	0.3801492	0.12017812	0.41816247	0.20449258
2	0.81871444	0.51140894	0.7566307	0.12703694	0.21928359	0.25721589	0.36249948	0.3514715	0.31693217	0.42594564	0.59342057	0.82630672	0.57135721	0.24287617	0.077487482
2	0.93937977	0.057654361	0.80506323	0.95410279	0.0348657	0.13303806	0.34614771	0.33904121	0.36882045	0.36432688	0.94970635	0.34287051	0.26530173	0.070221472	0.51754115
2	0.59888561	0.58158208	0.032939893	0.3774551	0.58274681	0.22413506	0.26369987	0.38020684	0.25365593	0.39548984	0.45038815	0.75783871	0.87047537	0.51100815	0.92580981
2	0.90435548	0.23693038	0.039184487	0.76210971	0.45642536	0.22006484	0.33051599	0.24155982	0.2752946	0.36805861	0.60741579	0.059641624	0.084970746	0.21965593	0.18738289
2	0.0013005687	0.5824703	0.57099108	0.89844414	0.45730872	0.22499303	0.41131575	0.40126262	0.27112946	0.43902925	0.1381204	0.52410601	0.83502747	0.876351	0.56926817
2	0.4390372	0.75222797	0.90120809	0.44094328	0.89283332	0.18908992	0.40694511	0.3318772	0.25892304	0.4206663	0.084370471	0.37957349	0.67116397	0.24326952	0.69656869
2	0.93566138	0.32094103	0.55855903	0.98097816	0.20773062	0.21476978	0.24952724	0.4061641	0.31258549	0.37510706	0.3525601	0.46201816	0.69924608	0.86272213	0.3160712
2	0.268076	0.65004075	0.47607972	0.5966471	0.83508824	0.29441593	0.26357611	0.34055058	0.32246536	0.38792337	0.38431362	0.70610759	0.50274626	0.036877522	0.91080223
2	0.95467827	0.27321671	0.97483615	0.64274174	0.40179092	0.18324108	0.33058823	0.35776435	0.31530452	0.39845759	0.86082735	0.024027325	0.069367603	0.54647965	0.053597815
2	0.72826185	0.060606367	0.99548106	0.23224015	0.32580626	0.21900862	0.33230033	0.39976622	0.28138424	0.37051596	0.58518164	0.9912032	0.62869334	0.83427016	0.85061407
2	0.89092882	0.56935818	0.42422671	0.049631902	0.82797755	0.26167448	0.34882669	0.38590896	0.37973806	0.39503376	0.13968928	0.19320231	0.89970978	0.7266371	0.68528857
2	0.53242648	0.62026004	0.76367332	0.46123176	0.53860144	0.27468688	0.39061661	0.48851888	0.32291873	0.41266859	0.43343484	0.98668004	0.4098165	0.62990794	0.35503332
2	0.18878997	0.5293599	0.96387013	0.11080932	0.74850896	0.19563851	0.38952533	0.4197036	0.2986217	0.35543406	0.43336907	0.73902186	0.87541361	0.0022381986	0.62239143
2	0.092147685	0.63927615	0.66176491	0.90945456	0.73140747	0.24507856	0.39137933	0.40964848	0.31431957	0.38079478	0.78962047	0.43777311	0.68490849	0.084423104	0.73455913
2	0.37086472	0.44801971	0.80226157	0.04921318	0.82407821	0.22724194	0.30839589	0.32533853	0.29973703	0.40310094	0.93800201	0.17523944	0.74322057	0.83275425	0.049861885
2	0.53228307	0.28510809	0.40396937	0.81900058	0.35001392	0.35666437	0.24832342	0.31340475	0.28590121	0.31606579	0.56784115	0.83700627	0.49564422	0.5874034	0.1408738
2	0.37601112	0.5949743	0.7896437	0.31110964	0.03638203	0.21929104	0.30562434	0.39660526	0.3961719	0.38547901	0.44700731	0.2164714	0.45775389	0.56426092	0.66396825
2	0.48267138	0.28482373	0.38264623	0.54010583	0.40773081	0.25657327	0.36565311	0.42505021	0.25680821	0.49047627	0.27982892	0.34300581	0.058109458	0.92271343	0.91318235
3	0.95424432	0.78109227	0.7027648	0.33860368	0.39906666	0.50455019	0.50432425	0.51665717	0.50115009	0.026146448	0.92200497	0.76904183	0.90056165	0.81362141	0.87910875
3	0.6521996	0.33199749	0.15820978	0.95252815	0.033691793	0.49285518	0.29801706	0.26624188	0.63957022	0.74406657	0.81771653	0.71464977	0.8951906	0.81914174	0.88231391
3	0.078228709	0.56033331	0.27699524	0.36869972	0.28445899	0.92048498	0.035016022	0.64055884	0.18160347	0.36046762	0.92271616	0.78978584	0.94138555	0.86087932	0.94057863
3	0.053824302	0.0075074041	0.67245096	0.9323032	0.23638696	0.95075798	0.81092079	0.31879096	0.87321934	0.24459628	0.89658812	0.64627739	0.89994793	0.8871335	0.99453577
3	0.59419418	0.97633451	0.37521005	0.80406926	0.15253808	0.81061496	0.82619903	0.85829739	0.43237683	0.16883176	0.99198671	0.72137193	0.87609786	0.88256271	0.82122485
3	0.70057951	0.1535188	0.72132693	0.70590001	0.66015463	0.96425662	0.48267301	0.24364019	0.57330655	0.65558237	0.86189791	0.7248712	0.90736658	0.75677131	0.85449277
3	0.13194748	0.51009971	0.50760221	0.54151803	0.60880836	0.24566664	0.63657657	0.67877834	0.48912552	0.76733587	0.9119898	0.82786727	0.94528389	0.80766315	1.0066368
3	0.038001535	0.79564163	0.014763663	0.20643102	0.93511412	0.14276583	0.37668919	0.84217757	0.76833515	0.65468831	0.82797095	0.71573753	0.93496499	0.91241142	0.90394677
3	0.02725022	0.11830791	0.34664869	0.26812443	0.70858815	0.21517653	0.20715665	0.49389304	0.72918022	0.74150246	0.91905022	0.70347495	0.84700039	0.85603822	0.93209062
3	0.65561109	0.96770288	0.81711885	0.82075025	0.45442456	0.85937785	0.25132928	0.5705997	0.48037223	0.16948443	0.86677134	0.72132413	0.7564595	0.87570503	0.89385096
3	0.24251631	0.87091252	0.81623529	0.81768774	0.37751152	0.28764751	0.83917948	0.42447593	0.70948498	0.012755563	0.87386715	0.73127284	0.92281011	0.87633649	0.97624673
3	0.748747	0.013794557	0.068027694	0.10512413	0.91960325	0.20603738	0.35462285	0.75415259	0.97111066	0.46935931	0.83252027	0.80991841	0.94226161	0.79735148	0.88873344
3	0.61009225	0.59819453	0.57461656	0.99537381	0.50577556	0.33968781	0.88632811	0.19880716	0.5172544	0.70963886	0.84967706	0.74710323	0.87185016	0.91807121	0.85958516
3	0.54327024	0.3864228	0.40296991	0.13343177	0.11381718	0.60253726	0.81652697	0.98545695	0.8964049	0.9553721	0.88901231	0.7299261	0.83919386	0.86260084	0.9026457
3	0.0478438	0.30080909	0.57424955	0.50341384	0.4113081	0.28559171	0.98856789	0.67533033	0.21376352	0.21460971	0.89680377	0.68064078	0.87941833	0.89891278	0.9374386
3	0.36831104	0.30440358	0.34210517	0.46329488	0.089569403	0.70811338	0.54645258	0.96166308	0.37533228	0.92801086	0.96457529	0.67684477	0.89345628	0.89071269	0.93701288
3	0.93820041	0.89596983	0.53168531	0.95190651	0.66889569	0.78108452	0.040156385	0.56287923	0.3424214	0.88373732	0.93683394	0.74297519	0.8642729	0.88758121	0.8944654
3	0.48250662	0.38056017	0.56662058	0.67772491	0.58617767	0.036759737	0.46390919	0.33541992	0.10793525	0.0050288833	0.99543943	0.66504896	0.88613375	0.84559397	0.93009084
3	0.93668361	0.72284357	0.7938776	0.9811757	0.26286081	0.084626639	0.68023639	0.60725739	0.14863255	0.37715925	0.92973373	0.66505964	0.95556414	0.8515087	0.96203602
3	0.13203882	0.99038528	0.069973149	0.3471863	0.65684648	0.57025587	0.72359591	0.21990078	0.63286879	0.43794656	0.93201809	0.78983392	0.83773461	0.83861513	0.89238394
3	0.20518125	0.71176376	0.12026277	0.23492644	0.71271092	0.093624528	0.63345504	0.54847192	0.71155643	0.27145292	0.78785486	0.73731192	0.87520472	0.88351885	0.92206861
3	0.75285784	0.85180595	0.053575171	0.56323762	0.53999609	0.42174648	0.3991934	0.99977312	0.0021220248	0.25940116	0.91093931	0.7708382	0.89797983	0.78657054	0.9266982
3	0.75897416	0.11356634	0.20350405	0.060950222	0.22165275	0.055848321	0.58229481	0.96647199	0.82381657	0.75978347	0.81332703	0.75847541	0.88986081	0.912228	0.91996507
3	0.73825699	0.79814171	0.4128044	0.91053578	0.82898189	0.79681579	0.6861816	0.74455771	0.29810486	0.79104032	1.0075657	0.66113673	0.92812803	0.77781906	0.86851191
3	0.9522051	0.24895228	0.54697709	0.7174696	0.79675142	0.91892249	0.84483345	0.63057279	0.86233921	0.42706235	0.83543068	0.75671138	0.86252059	0.81534046	0.95549506
3	0.44293467	0.94602038	0.19915718	0.56835392	0.4646994	0.58446484	0.11628753	0.32677374	0.46540342	0.80861251	0.79394752	0.75809114	0.85922426	0.85127514	0.85576573
3	0.62042519	0.19002548	0.52112205	0.076272889	0.83130168	0.20379685	0.23337541	0.1766612	0.77714644	0.38786289	0.83178732	0.72566459	0.93881076	0.82054483	0.8438545
3	0.2418723	0.3567872	0.92884514	0.70089217	0.052305221	0.67115104	0.12826506	0.86872654	0.16356616	0.032335553	0.81039066	0.7251233	1.0135466	0.78885266	0.86246639
3	0.094807682	0.77723243	0.32977967	0.86098152	0.19569573	0.096226761	0.51266553	0.42431077	0.15134056	0.60447846	0.89610063	0.6906238	0.99679121	0.92014125	0.84391352
3	0.31175495	0.74084363	0.57677586	0.53124287	0.57507827	0.64507233	0.69530681	0.43992312	0.74655143	0.92685957	0.86540414	0.75519127	0.87106454	0.93255596	1.0087594
3	0.59704523	0.18675954	0.77499418	0.7680579	0.095945002	0.95914134	0.22604544	0.42548312	0.76629936	0.52231478	1.0090483	0.79500572	0.98664189	0.78848233	0.89494067
3	0.56085674	0.28807064	0.97643856	0.27821104	0.32617617	0.048602298	0.39909391	0.24350437	0.46462777	0.90913902	0.85919145	0.75628946	0.99653718	0.84082339	0.97386217
3	0.99334276	0.91287543	0.81377958	0.44087647	0.93927374	0.13821634	0.3390898	0.8062926	0.12609883	0.92573618	0.86879919	0.73228481	0.87701473	0.89013216	0.90317649
3	0.87618434	0.039022977	0.33461939	0.83251332	0.95805948	0.2438731	0.75708394	0.53511727	0.93755924	0.44787273	0.85696494	0.72907949	0.86613055	0.84662443	0.95371975
3	0.30807691	0.62563639	0.68712911	0.15840608	0.48998367	0.99499026	0.88045693	0.18838954	0.85984571	0.053000053	0.91047571	0.71475594	0.95473848	0.93203769	0.91202135
3	0.68039499	0.35456934	0.88990423	0.36322862	0.1226239	0.40153635	0.097281349	0.13492064	0.1792095	0.11549381	0.81552482	0.71335044	0.92930239	0.87537862	1.0170292
3	0.16923796	0.95119709	0.098756312	0.72937194	0.16264302	0.61553188	0.23680481	0.55348342	0.52507308	0.99130692	0.94719848	0.71728542	0.85193671	0.84276889	0.87890248
3	0.73071802	0.054188841	0.9122189	0.58736174	0.81950887	0.98099711	0.32456201	0.40029288	0.13886484	0.47910978	0.93202052	0.69262161	0.97544209	0.88308159	0.93173515
3	0.4794191	0.55049535	0.68757925	0.33771199	0.52292776	0.073094306	0.21408145	0.64207942	0.22930625	0.10166243	0.88767509	0.76689296	0.84680103	0.87328724	0.98872162
3	0.45096349	0.51106409	0.20423567	0.66083609	0.89511815	0.3845822	0.83286482	0.61354588	0.49672068	0.94490865	0.86334314	0.74106163	0.94698386	0.83225718	0.89689413
3	0.37471114	0.0060109731	0.52085048	0.59708292	0.21377757	0.40438386	0.54369499	0.11897538	0.47523516	0.81102022	0.88326701	0.72133172	0.90508475	0.79095122	0.80772381
3	0.30429847	0.49740828	0.8423879	0.12501438	0.38064229	0.95058159	0.38204092	0.59356077	0.53077814	0.8818992	0.9491758	0.68817746	0.80807948	0.84207723	0.94759622
3	0.51336399	0.70870462	0.064931535	0.26221899	0.74766998	0.38333993	0.72592766	0.8210194	0.43675193	0.49231313	0.89770598	0.77340123	0.87669354	0.85264874	0.91090292
3	0.032632572	0.034630061	0.4967222	0.16688971	0.7794895	0.96174561	0.79536157	0.22665314	0.95751435	0.207912	0.78668592	0.74863005	0.81069107	0.85961909	0.98763352
3	0.44273998	0.92586854	0.81131916	0.80583826	0.92583799	0.47212287	0.57054822	0.95713916	0.17889923	0.78251578	0.87473639	0.80074435	0.81614026	0.80690351	0.92617417
3	0.47587902	0.59323579	0.32990398	0.53825033	0.15555259	0.80223702	0.6556931	0.90941148	0.50508608	0.8311115	0.85319596	0.70786862	0.87961135	0.89232185	0.91633642
3	0.89559653	0.45299861	0.78296819	0.85971704	0.5827812	0.25150379	0.86133475	0.57083663	0.97570713	0.70544119	0.85416668	0.77149292	0.91206823	0.73331183	0.79050158
3	0.26117617	0.60896146	0.31920578	0.45897387	0.7714783	0.23351581	0.083582114	0.11192264	0.34931954	0.99390364	0.90479147	0.7566711	0.8996626	0.81761671	0.87107807
3	0.33195802	0.45112379	0.86513265	0.90309761	0.95484731	0.95356905	0.49266691	0.70300439	0.025692285	0.039603847	0.80069443	0.75087342	0.95223482	0.80466262	0.87575264
3	0.84408072	0.73837651	0.97614654	0.60816099	0.22734148	0.20991508	0.17869903	0.55935707	0.86134818	0.10532018	0.85889568	0.79781417	0.9333828	0.91627555	0.90414234
1	0.48105169	0.61451433	0.61837825	0.49711009	0.65952413	0.8790139	0.66280806	0.32881421	0.40238833	0.38724543	0.042659856	0.042297798	0.41704745	0.42791092	0.42485841
1	0.51757922	0.64775148	0.75772918	0.55097003	0.59862483	0.31852425	0.3985895	0.12788838	0.70322322	0.8161401	0.99615611	0.240905	0.93713467	0.43618496	0.57892349
1	0.41742418	0.6100467	0.79012242	0.52506635	0.59765929	0.44240231	0.1925104	0.19665819	0.75809928	0.098518738	0.53566419	0.39000491	0.070684335	0.67477647	0.055976157
1	0.63227456	0.62615228	0.77108582	0.45171332	0.6186154	0.56055953	0.85409995	0.13208296	0.17043202	0.35507365	0.69378761	0.48959434	0.66693153	0.61280959	0.26013019
1	0.49413124	0.60119235	0.72800249	0.41120704	0.58113994	0.74870572	0.78555899	0.60786591	0.21756331	0.64206083	0.51181992	0.047554673	0.64630196	0.071037084	0.68006553
1	0.51289055	0.58256453	0.74551006	0.4872114	0.60740898	0.53406413	0.13393125	0.54954011	0.55573794	0.31742786	0.3545343	0.71504501	0.82953282	0.82662951	0.86688705
1	0.46525358	0.68137461	0.57654113	0.55992327	0.63409222	0.75493327	0.049532579	0.0132832	0.43248499	0.46326058	0.98610424	0.89444776	0.87779907	0.72085567	0.67116623
1	0.46475754	0.64456768	0.74085281	0.51981067	0.64256238	0.58802606	0.86044056	0.39652079	0.1682513	0.064187087	0.75052006	0.71112855	0.72838682	0.51545845	0.45194571
1	0.53927021	0.69272972	0.68421353	0.49563993	0.5811592	0.40458	0.73864029	0.17811695	0.78936394	0.59749019	0.2237704	0.10788891	0.40349114	0.45039358	0.36003104
1	0.52156894	0.69256929	0.6150823	0.53115835	0.62647589	0.39679152	0.20846136	0.53377195	0.31581144	0.54644944	0.61644349	0.33042361	0.36245928	0.83187134	0.91682127
1	0.46588491	0.5817266	0.66735764	0.45015136	0.63406682	0.8335006	0.62095864	0.52610247	0.53120929	0.92109726	0.66238186	0.73907223	0.28662039	0.14651486	0.51697901
1	0.4645167	0.58927349	0.82918454	0.50816799	0.58268107	0.76911439	0.27029433	0.90513474	0.059403297	0.32583363	0.10694166	0.54930853	0.47557293	0.40007975	0.84870923
1	0.57345172	0.61511509	0.80450363	0.53543396	0.59856791	0.93285357	0.66094456	0.20894667	0.38827163	0.5583192	0.72317348	0.09908965	0.34800766	0.67322599	0.69375257
1	0.59469425	0.5805984	0.67651162	0.45557595	0.63871435	0.63931696	0.86543859	0.1181552	0.58318573	0.62067195	0.42111225	0.72951305	0.6671203	0.86414753	0.69538995
1	0.49679278	0.69683483	0.71838802	0.43947028	0.59937059	0.62789638	0.083482814	0.33584897	0.77193392	0.42264565	0.18061689	0.19324533	0.33166524	0.88248631	0.73427111
1	0.43550565	0.51808224	0.70139943	0.54789442	0.67270584	0.10969746	0.57466122	0.81820404	0.68502847	0.5306293	0.26532204	0.76692167	0.65134953	0.14887672	0.83627042
1	0.40634885	0.64834572	0.75705862	0.53338003	0.52650603	0.81539721	0.17710753	0.64071792	0.68409607	0.60499064	0.77095422	0.96353029	0.75674921	0.45389347	0.29755538
1	0.42842048	0.56214408	0.75158172	0.491307	0.58433748	0.43864498	0.16646044	0.60346798	0.72292252	0.16351237	0.33669926	0.83780318	0.98090364	0.095372693	0.66159619
1	0.58021059	0.70777488	0.74913578	0.54223342	0.53794867	0.32756543	0.10570943	0.048447339	0.42310939	0.65369989	0.98830226	0.97273389	0.30081902	0.011680991	0.7628871
1	0.4318812	0.61848577	0.66191057	0.48858718	0.56465191	0.19986282	0.98439831	0.78017553	0.31747978	0.67120219	0.55179251	0.59060865	0.025857471	0.4300018	0.5326235
1	0.43288655	0.64758397	0.68078111	0.4577673	0.6346398	0.15475235	0.93440512	0.061590667	0.19624892	0.76732951	0.58353317	0.62457292	0.5767583	0.33068207	0.83969742
1	0.4627767	0.65263917	0.77448947	0.45120076	0.66634164	0.11170574	0.93914171	0.89047568	0.21203084	0.78907351	0.34644876	0.2815077	0.37253424	0.61347488	0.11261514
1	0.5274097	0.63418445	0.7742413	0.52050314	0.65197842	0.40695484	0.85893882	0.33758386	0.316429	0.71521251	0.58357062	0.66043797	0.44653098	0.49180625	0.55388707
1	0.46252507	0.65039873	0.6909447	0.43156766	0.64369654	0.14999725	0.62988339	0.071452813	0.78442789	0.74064806	0.24862896	0.43172117	0.046191556	0.32604217	0.50021132
1	0.4813204	0.64949827	0.74107032	0.52546888	0.67043682	0.52249531	0.80134761	0.28784934	0.86693029	0.87111112	0.73422969	0.62371641	0.81115089	0.88283761	0.15649522
1	0.51769357	0.66007707	0.71494182	0.39639527	0.70422469	0.39345636	0.86271072	0.59721135	0.53087226	0.93573087	0.38330632	0.62892394	0.5449059	0.49790294	0.83418906
1	0.50824374	0.61411968	0.63055764	0.48742853	0.62774184	0.054974147	0.84220661	0.94300814	0.62249726	0.8667499	0.72610443	0.80675954	0.072051551	0.59336186	0.36044889
1	0.51896034	0.53748938	0.74551605	0.5112202	0.56141838	0.73634007	0.14651491	0.45605767	0.10975505	0.16356991	0.98914491	0.71357401	0.28594686	0.11703682	0.019621067
1	0.53886193	0.6939486	0.78973396	0.50985124	0.61629206	0.69626634	0.76902909	0.91213247	0.48448037	0.12487276	0.6273465	0.31194006	0.93004063	0.27528695	0.10933424
1	0.58238495	0.60825565	0.79051256	0.52443113	0.64376788	0.089950679	0.030889549	0.48522941	0.18443367	0.81453977	0.97125882	0.85618229	0.84908548	0.39453468	0.40677676
1	0.55846366	0.67321147	0.73006868	0.50725943	0.64347167	0.4243095	0.49911601	0.046351265	0.39600675	0.54088408	0.88535945	0.83315199	0.56071341	0.56192015	0.9080522
1	0.57396551	0.55691528	0.77355636	0.62422306	0.62284734	0.78996303	0.17760246	0.10481324	0.89292241	0.39076208	0.71957013	0.45134058	0.37231266	0.064633591	0.23929061
1	0.4447078	0.62160672	0.64740848	0.51899746	0.6359999	0.49500582	0.64819841	0.08852746	0.31342899	0.44396416	0.12565459	0.58820939	0.20677646	0.25858225	0.40362866
1	0.49337907	0.55254514	0.77830386	0.46188534	0.65394435	0.51442346	0.73784165	0.69253199	0.098594093	0.75194639	0.41159351	0.28150156	0.94373154	0.99685021	0.94191893
1	0.54040384	0.50850664	0.78213168	0.51260911	0.65477443	0.98987215	0.72866168	0.28797698	0.1343033	0.25761374	0.52784683	0.66265383	0.88401674	0.57083843	0.44063468
1	0.459756	0.58343167	0.73712261	0.48934765	0.57640526	0.68341587	0.042652411	0.99538973	0.18746081	0.89438938	0.93939836	0.34328789	0.98477624	0.32485544	0.83222148
1	0.65474617	0.58302056	0.81210518	0.49640311	0.62034735	0.063591371	0.84517819	0.10022154	0.59794164	0.83242339	0.9245809	0.93447827	0.23123782	0.89971348	0.73138707
1	0.62052286	0.6645708	0.76061779	0.49866549	0.6290243	0.16725355	0.05207789	0.70725349	0.63176637	0.5773942	0.29550725	0.03192263	0.89611135	0.85932041	0.93855786
1	0.35578579	0.6390992	0.70260912	0.50195712	0.50469892	0.58609207	0.031991016	0.24248656	0.29157032	0.74368834	0.45163877	0.99756035	0.19547676	0.4564246	0.2179938
1	0.57151493	0.64250897	0.70514927	0.37815567	0.68751006	0.24278536	0.48956999	0.89719135	0.69475219	0.21216321	0.02999195	0.13754659	0.58243296	0.018612775	0.59958555
1	0.44564649	0.58382067	0.66546605	0.4428075	0.60098746	0.52005247	0.20940508	0.21260153	0.10484625	0.76389794	0.5300517	0.054616615	0.05479179	0.60962969	0.078069053
1	0.49475605	0.56717992	0.72377303	0.47895314	0.61237167	0.44230541	0.28186686	0.29734682	0.79783026	0.70270231	0.68383861	0.12477404	0.8389696	0.34271322	0.52012942
1	0.68191985	0.71059439	0.71988312	0.5443035	0.67707754	0.21867663	0.49809429	0.46483994	0.36643662	0.68553571	0.17685506	0.17712375	0.083873508	0.55828492	0.69480329
1	0.39005766	0.63000464	0.77546109	0.52357453	0.53984395	0.54471611	0.61256647	0.98841793	0.74003233	0.15436981	0.18410029	0.22427707	0.58643961	0.38888378	0.72016461
1	0.53934426	0.67992123	0.72020295	0.45650192	0.70470077	0.86113981	0.016982938	0.56186143	0.29406633	0.65369013	0.74584748	0.51015252	0.73596616	0.82657889	0.050339987
1	0.57748488	0.526955	0.71429649	0.48387076	0.58696068	0.77198039	0.62595979	0.17566903	0.20567452	0.35960632	0.045051107	0.89589157	0.15223401	0.28495022	0.43027785
1	0.44262565	0.66626094	0.80817286	0.4794465	0.60496303	0.1388742	0.98230322	0.4684682	0.64194062	0.42935579	0.3838686	0.77249507	0.09427839	0.40731842	0.70557186
1	0.53438536	0.59832214	0.80819732	0.51937561	0.69579998	0.019577624	0.53859668	0.062045221	0.48760378	0.15359038	0.78373648	0.73058536	0.43326056	0.37569214	0.86386822
1	0.51925953	0.5583161	0.72862345	0.61188894	0.54194932	0.044454092	0.36241146	0.44172206	0.96442267	0.68156043	0.80444958	0.48565167	0.72175327	0.88440505	0.12218915
1	0.44955648	0.54614715	0.68060195	0.49030277	0.64400713	0.34771267	0.55229134	0.89494168	0.11228396	0.75932738	0.27506976	0.50128291	0.30366138	0.57473716	0.66904259
2	0.17385304	0.9328979	0.32868961	0.009332512	0.25448084	0.26805346	0.36300751	0.38431974	0.3223509	0.4363561	0.74618494	0.42100578	0.89423571	0.37406019	0.084997065
2	0.026107108	0.39066754	0.65011803	0.91502591	0.32415421	0.20429908	0.26586794	0.35394332	0.29922808	0.33843526	0.46791047	0.092068707	0.77836066	0.92268522	0.922358
2	0.49506692	0.90644327	0.44252996	0.40745574	0.80511242	0.1337115	0.38190808	0.40671229	0.34805257	0.3586132	0.42408482	0.88656379	0.5444177	0.30195347	0.64019425
2	0.13864897	0.37384767	0.55217503	0.70206645	0.58251852	0.33075737	0.34770133	0.44786512	0.34504927	0.38627325	0.62790418	0.034833821	0.13228533	0.99761618	0.79458942
2	0.60863543	0.22126573	0.35650893	0.8413691	0.32529899	0.27688946	0.35323584	0.41887459	0.2890348	0.39725781	0.89640978	0.94478399	0.8280956	0.55196185	0.38391351
2	0.71649735	0.60026215	0.55882055	0.63932376	0.99170372	0.24401658	0.36981221	0.3434273	0.24694709	0.38914913	0.24417289	0.77220673	0.12338138	0.55530762	0.3147835
2	0.55230984	0.010979092	0.18657144	0.35411647	0.76959693	0.33401515	0.40387778	0.37704909	0.29865378	0.4114194	0.23316769	0.20367644	0.8985475	0.4558437	0.37814844
2	0.26487259	0.18577826	0.53234993	0.18198047	0.15482877	0.28188144	0.25328492	0.37902387	0.32108096	0.38258896	0.87763414	0.72308996	0.33899915	0.33784457	0.74000758
2	0.28742727	0.10986171	0.54055043	0.95619615	0.35650362	0.20594882	0.28049984	0.4419523	0.20635266	0.43835166	0.97208916	0.47657468	0.65242084	0.57141307	0.064640759
2	0.67227024	0.83825559	0.19822179	0.19343375	0.74486786	0.23249444	0.29182441	0.38778881	0.3006506	0.45121365	0.28319863	0.60875871	0.21516961	0.73882324	0.12050817
2	0.14784947	0.2553703	0.16960881	0.61086898	0.781374	0.33440671	0.34667601	0.39086656	0.25204198	0.41692228	0.79918504	0.28023009	0.83925362	0.53125396	0.63730629
2	0.76241448	0.37472247	0.4138865	0.20847022	0.60980182	0.28554723	0.33515137	0.40406885	0.30927818	0.43964324	0.48743065	0.33975716	0.86467255	0.30897108	0.38014299
2	0.36037098	0.55655575	0.53506711	0.60743261	0.74753366	0.31890756	0.2730286	0.38343217	0.43267909	0.41254487	0.64802712	0.92543689	0.66235174	0.6289731	0.37048579
2	0.5760559	0.97265108	0.016674713	0.043390472	0.79662469	0.31979351	0.28750197	0.29773831	0.30323029	0.43764105	0.049857501	0.47156788	0.48799936	0.68245766	0.37960529
2	0.22802832	0.23536677	0.99235897	0.43655478	0.69281841	0.23267224	0.3321756	0.33405183	0.35184498	0.37258515	0.87281299	0.43329527	0.70890898	0.19324948	0.76724359
2	0.43059652	0.15194708	0.075967361	0.0014190582	0.40637332	0.22461916	0.26574373	0.36191325	0.35922934	0.31365519	0.46651201	0.4911458	0.27878453	0.47388687	0.52702495
2	0.24150174	0.81062811	0.47948455	0.62400055	0.92948447	0.30040476	0.37459208	0.40104339	0.27313205	0.36108994	0.81492027	0.9758448	0.076592835	0.95212531	0.091558143
2	0.43151118	0.58471862	0.19507153	0.75442458	0.89226719	0.25654811	0.34360158	0.36914874	0.30517842	0.4344069	0.65345682	0.25374921	0.76034335	0.14166298	0.98159621
2	0.91019523	0.83705645	0.073243434	0.85721276	0.83184251	0.2105549	0.33508267	0.36597844	0.280362	0.46442973	0.48223041	0.71447164	0.50743538	0.21328489	0.2602056
2	0.0097586499	0.5846413	0.47110187	0.15571983	0.22506788	0.23372687	0.33678258	0.32594359	0.37522488	0.31011676	0.74848991	0.82780393	0.51004034	0.4784975	0.053831549
2	0.95641636	0.089998815	0.70507748	0.99947786	0.54087832	0.25235161	0.32427109	0.28867165	0.26871695	0.38789813	0.095376786	0.40806349	0.66824932	0.49388184	0.61490357
2	0.33257141	0.50599946	0.19376594	0.2203101	0.26296403	0.25280856	0.31495336	0.36964967	0.21818414	0.45419953	0.23109536	0.77533431	0.53483171	0.052223528	0.46112108
2	0.0073486611	0.13111471	0.30913643	0.45496615	0.16689072	0.19847406	0.40231045	0.43661039	0.19944021	0.37062251	0.22946877	0.28734961	0.41996037	0.95083756	0.81283253
2	0.18917967	0.68663781	0.16976707	0.42923854	0.6181005	0.22656023	0.36584169	0.41888366	0.33285088	0.42689118	0.50779896	0.12019951	0.4693935	0.99979256	0.24877066
2	0.52378004	0.96216103	0.36428687	0.071234572	0.74614794	0.27276742	0.27359875	0.37913738	0.28665392	0.37049673	0.58757126	0.78620063	0.72220964	0.43146205	0.38919282
2	0.76240805	0.52463735	0.71241481	0.85689633	0.62280279	0.3376426	0.37782311	0.31604272	0.31300037	0.39320539	0.83571335	0.15669385	0.50481062	0.28344419	0.81131742
2	0.74766284	0.71040869	0.80092088	0.69162515	0.7458749	0.26595094	0.35773576	0.41474432	0.33545595	0.50322663	0.54588621	0.54299169	0.49783831	0.35812453	0.31906782
2	0.94623015	0.19098644	0.968925	0.73856042	0.92748801	0.28531704	0.35193138	0.41047764	0.34967321	0.30510365	0.25610978	0.20371543	0.74370614	0.90533061	0.46582007
2	0.44239789	0.74661722	0.74915973	0.5367878	0.23365315	0.29250864	0.33818864	0.45562413	0.25053492	0.38686471	0.72499196	0.94800236	0.068370897	0.60855948	0.56426883
2	0.31801912	0.64231523	0.80899027	0.24108406	0.5230298	0.33918644	0.37085469	0.40676664	0.26159043	0.36293806	0.64479403	0.55967793	0.0043350726	0.51187443	0.97725565
2	0.21810873	0.57326038	0.78114527	0.78044595	0.234118	0.28605745	0.41362662	0.31664737	0.28208792	0.45697291	0.86159576	0.66632649	0.93470924	0.42604088	0.24891961
2	0.25678456	0.061028929	0.88033786	0.41862541	0.12959698	0.21809184	0.39170705	0.39408042	0.33670829	0.49756025	0.97285224	0.54500489	0.40295158	0.35038037	0.022413654
2	0.003394123	0.056932885	0.13381099	0.46495428	0.83112958	0.19112071	0.35388875	0.34621518	0.31172148	0.45284698	0.85948011	0.89915643	0.076979085	0.10936121	0.46621928
2	0.54306218	0.45220745	0.53096445	0.20834598	0.95754312	0.33956315	0.2874469	0.38725936	0.32722789	0.36023629	0.85737406	0.64634607	0.30798603	0.63195471	0.39800519
2	0.048738593	0.72518236	0.67894101	0.39305176	0.60197977	0.23803737	0.33470939	0.36692786	0.33138664	0.37562111	0.88623511	0.029667752	0.34857498	0.66683858	0.80117236
2	0.074089577	0.83717064	0.20760303	0.87718175	0.7551459	0.19522179	0.2983736	0.37061738	0.26848077	0.3647011	0.29849945	0.85959345	0.89977602	0.77530485	0.78310188
2	0.77236621	0.78972986	0.19579798	0.43665664	0.74036547	0.21010984	0.23715943	0.33634142	0.32541329	0.39916144	0.71173509	0.44306609	0.81788683	0.21321478	0.25285375
2	0.06835722	0.19303982	0.71165671	0.092988927	0.14390833	0.28968028	0.32280955	0.32592498	0.25881943	0.44071882	0.46910052	0.2788389	0.40121986	0.72072343	0.81763486
2	0.64512879	0.61462696	0.99521598	0.7270796	0.32318627	0.20687073	0.28328906	0.32587597	0.34605684	0.4629558	0.88839093	0.69764957	0.4794044	0.99258982	0.71264679
2	0.22067689	0.45032381	0.67146289	0.81397693	0.15650185	0.20392202	0.43912237	0.31125309	0.29135832	0.33684742	0.34047831	0.8999355	0.47421516	0.90515834	0.2603181
2	0.22118446	0.97976522	0.45137485	0.54281311	0.8854201	0.26992419	0.3124827	0.32655774	0.28951506	0.37581906	0.083497562	0.63824371	0.86480258	0.98753874	0.62700532
2	0.50165911	0.10974237	0.43198061	0.12402592	0.54640189	0.26402378	0.28729425	0.37388974	0.3016608	0.44640583	0.031459936	0.91188981	0.53104884	0.98172877	0.74766158
2	0.40243355	0.49628889	0.49835358	0.59403703	0.30936924	0.15610981	0.3549523	0.40036207	0.19911204	0.4021928	0.98056283	0.26901061	0.33591117	0.82908074	0.74668463
2	0.34726131	0.91164742	0.36909169	0.68527968	0.41442888	0.29437212	0.28235772	0.32517847	0.32412167	0.42998753	0.60139876	0.10963261	0.24042355	0.81134662	0.098630237
2	0.69440391	0.94810874	0.32683965	0.34626072	0.24260339	0.29282973	0.38487997	0.31955734	0.31269697	0.47389671	0.48965535	0.13261473	0.58410285	0.43789426	0.49679942
2	0.27939197	0.82773217	0.17923148	0.62492353	0.28708461	0.21430395	0.28615896	0.31329542	0.21246582	0.35886794	0.29896416	0.83334865	0.65136834	0.1458057	0.89347431
2	0.76154619	0.26988366	0.54266699	0.47076325	0.34668175	0.218965	0.307372	0.28765893	0.27717924	0.40532546	0.83540455	0.014853856	0.71510703	0.84968202	0.42040043
2	0.78507008	0.6714368	0.67687109	0.37661108	0.49757701	0.2929781	0.21774012	0.47921999	0.31159709	0.47957409	0.92616908	0.098337302	0.85635077	0.38958701	0.93161614
2	0.12321952	0.29145713	0.47847447	0.2832679	0.82239401	0.22108017	0.34870601	0.30840546	0.23271809	0.40922685	0.32147307	0.65803031	0.38928168	0.083986296	0.71818091
2	0.15415945	0.98843927	0.39629025	0.80296532	0.00034146222	0.22639076	0.28211057	0.37790424	0.29088166	0.43177776	0.87986644	0.84630364	0.45652513	0.030914539	0.50995304
3	0.27743872	0.33786974	0.4073196	0.90149562	0.48791063	0.0014631752	0.19627691	0.97393018	0.33853465	0.11040805	0.87405153	0.79062363	0.87124752	0.85802214	0.96118108
3	0.37137858	0.24193683	0.50141459	0.40761944	0.12379353	0.85869102	0.90843946	0.9138135	0.16539225	0.080280952	0.93193336	0.64976129	0.91196451	1.0097136	0.91397837
3	0.56686083	0.11327645	0.49652027	0.63457948	0.6153294	0.71464287	0.63518638	0.36193273	0.80828055	0.39811765	0.95389775	0.71735306	0.9127739	0.82459215	0.93445255
3	0.35592212	0.79187918	0.78882317	0.28166034	0.47991368	0.29750817	0.57089249	0.21275901	0.84989382	0.9971369	0.8246272	0.75047692	0.79266773	0.84518023	0.88098421
3	0.29086033	0.53784284	0.66293291	0.38835567	0.10371284	0.46064819	0.79153926	0.8836153	0.22731033	0.92355606	0.89879474	0.75628584	0.83675566	0.75489535	0.96332381
3	0.40236358	0.57513483	0.14114982	0.36129706	0.58350447	0.26099801	0.92454831	0.022859624	0.62695538	0.087821844	0.99271141	0.85469312	0.98610945	0.73363814	0.99668299
3	0.35670575	0.48165698	0.39343459	0.084258001	0.48230529	0.86306498	0.17062541	0.22218793	0.30011678	0.83270757	0.90972214	0.69755625	0.94222937	0.92580458	0.99351296
3	0.45282243	0.50093992	0.95003395	0.2537181	0.9903812	0.9766316	0.38299582	0.35408108	0.6884015	0.77265557	0.91931073	0.75683373	0.93018153	0.81808379	0.92304142
3	0.51991682	0.51643241	0.19856307	0.70395283	0.78981118	0.50683338	0.15891353	0.026315394	0.21819264	0.17411787	0.84618943	0.74902222	0.93039803	0.91072362	0.88788151
3	0.88552123	0.84919871	0.8288017	0.68486378	0.25809638	0.89139331	0.86376557	0.27447941	0.0043926126	0.91954221	0.85460058	0.70025584	0.88625955	0.92526587	0.9549097
3	0.43913408	0.86772679	0.62545015	0.39889556	0.47259751	0.65061854	0.9860981	0.16527744	0.48093341	0.86788314	0.91412574	0.76851625	0.88395708	0.81972587	0.88461566
3	0.29092574	0.85060766	0.74984802	0.3743456	0.71202525	0.53112653	0.88396153	0.91413517	0.077342785	0.71980155	0.94775721	0.64838959	0.87847254	0.88610932	0.89098344
3	0.75983182	0.1439508	0.73210385	0.0062257874	0.55683053	0.29917486	0.25291116	0.52861077	0.90605174	0.55706683	0.89818062	0.8108158	0.9004661	0.71640807	0.93020949
3	0.88423132	0.75098538	0.51208665	0.74162909	0.083269748	0.66532471	0.081252775	0.44940418	0.18059137	0.79798596	0.84238107	0.73251885	0.92056177	0.79149768	0.89542358
3	0.20359238	0.60431351	0.86393764	0.64975098	0.30505312	0.19786234	0.47222986	0.62316891	0.90306875	0.94433128	0.92846741	0.71619577	0.89169373	0.87962441	0.92326316
3	0.39587096	0.4521735	0.47303064	0.48090034	0.26844016	0.65047409	0.92711215	0.081623375	0.99704144	0.22765307	0.86343413	0.71054486	0.92210634	0.84019588	0.85246717
3	0.1836757	0.88592445	0.59533642	0.74925126	0.28393901	0.85831168	0.36440137	0.21447887	0.9549589	0.6442054	0.84396108	0.71553296	0.94548123	0.91157199	0.97240874
3	0.86165672	0.213837	0.75287412	0.84185173	0.61539285	0.34791569	0.17148108	0.2487989	0.015908339	0.067947302	0.94177633	0.67141661	0.9334875	0.91610831	0.89962203
3	0.2409048	0.99292844	0.35857996	0.57959346	0.32024356	0.72868344	0.70132806	0.17136438	0.57225475	0.83401166	0.91206945	0.82274438	0.9048949	0.82013609	0.96473809
3	0.74237233	0.35109843	0.50674715	0.57412562	0.05221138	0.61068795	0.76349568	0.1518687	0.90946481	0.78577629	0.90837753	0.77663247	0.99659707	0.88437536	0.94733759
3	0.28284009	0.0017993239	0.77430971	0.70867106	0.79023514	0.99334325	0.36111294	0.51367906	0.38394386	0.38256946	0.97301383	0.74589521	0.90703964	0.85746733	0.9981402
3	0.45635072	0.61272711	0.53395818	0.46839876	0.73573281	0.75083889	0.039749694	0.65877414	0.69143656	0.82890555	0.86857657	0.76678861	0.97662634	0.85372027	0.97203631
3	0.9154766	0.82464682	0.61368235	0.53049029	0.84775856	0.38510228	0.38322953	0.90918696	0.94123094	0.54025791	1.0030672	0.61681126	0.88540274	0.77639533	1.005314
3	0.86218743	0.68893336	0.90183137	0.68765255	0.23430283	0.39460722	0.47650775	0.53299953	0.082692932	0.64092912	0.75701166	0.75792889	0.89701193	0.90646169	0.91994629
3	0.26904681	0.21627621	0.11087022	0.32702429	0.152902	0.82370365	0.16534577	0.17543615	0.1610209	0.50902226	0.86516171	0.74169213	0.9080169	0.89032186	0.87508155
3	0.4305952	0.24719986	0.16529762	0.23309027	0.060165416	0.75024529	0.3610067	0.40433815	0.75130416	0.3973571	0.81529347	0.68329914	0.94660792	0.86173178	0.88032987
3	0.89764654	0.72903612	0.20715808	0.83118862	0.10240779	0.19791006	0.9668016	0.98294051	0.65392042	0.74618224	0.83884241	0.7627118	0.91716824	0.91228798	0.88823657
3	0.64007451	0.027750088	0.76721474	0.35387917	0.68430015	0.50027255	0.9046135	0.98806129	0.80865225	0.49044222	0.89162375	0.71490476	0.81059507	0.88717155	0.99195872
3	0.64436646	0.47371075	0.96854594	0.7450931	0.3848157	0.76824486	0.7750612	0.54728663	0.29759568	0.15009672	0.96328116	0.65730996	0.88918339	0.86855021	0.89265246
3	0.26981163	0.80857071	0.82958085	0.98444841	0.85855362	0.36192008	0.60102348	0.39580433	0.14960709	0.97159188	0.91917961	0.76611613	0.87761089	0.84933261	0.89801257
3	0.25996528	0.16247649	0.23425124	0.8783277	0.49293432	0.88728468	0.45889083	0.32997528	0.56506716	0.13135369	0.88543304	0.64978438	0.90231005	0.87686559	0.87716211
3	0.48961939	0.59602167	0.76993388	0.31780539	0.21779204	0.28701475	0.67519115	0.70022507	0.16635251	0.93322911	0.86555931	0.73419312	0.90508401	0.8575393	0.88819411
3	0.75379177	0.946916	0.87145215	0.066676945	0.80937729	0.51786091	0.54631298	0.72026236	0.071284882	0.82462834	0.9334562	0.68599679	0.81520856	0.8253941	1.0009581
3	0.43693278	0.80191197	0.21907736	0.29779518	0.64565866	0.30120559	0.31462075	0.92653259	0.80532049	0.13866188	0.8899725	0.76887022	0.85795715	0.79010105	0.89002644
3	0.021239549	0.39043083	0.32248159	0.20825839	0.48100954	0.86110647	0.16983925	0.86751839	0.54260746	0.64199931	0.87237461	0.72598037	0.88278743	0.83858523	0.87124615
3	0.49445635	0.25034288	0.52329906	0.072830805	0.8808472	0.16924181	0.88788302	0.75177936	0.4303009	0.84535056	0.9444744	0.78557702	0.90235965	0.8446581	1.0379862
3	0.055313772	0.73763307	0.94402919	0.95589584	0.009977395	0.27896994	0.96091727	0.60154259	0.049468523	0.0082956574	0.92848153	0.71779169	0.87483266	0.92463349	0.9250862
3	0.067785488	0.48837964	0.4299153	0.75122361	0.13339461	0.25844631	0.25652801	0.19913438	0.77398592	0.87887288	0.98764789	0.72246663	0.92235647	0.81242096	0.89302749
3	0.57857231	0.83088648	0.72416617	0.50878723	0.35582812	0.74367496	0.37018685	0.60045561	0.66071956	0.58089171	0.9096621	0.71663941	0.8815668	0.87302103	0.91169357
3	0.28856531	0.2026161	0.32340138	0.92233809	0.9591169	0.60569306	0.61915735	0.7096387	0.65772927	0.11748938	0.89244121	0.77294404	0.8185516	0.90558094	0.99578627
3	0.98974014	0.98453235	0.70608477	0.54825089	0.86100825	0.72482469	0.3463095	0.084904751	0.2027474	0.36092802	0.90389327	0.76167182	0.87968102	0.82469813	0.94713152
3	0.93744957	0.054297354	0.3812661	0.48693244	0.5711861	0.70379674	0.048874797	0.38066427	0.057852903	0.92256305	0.91410424	0.76172991	0.85206921	0.86982985	0.98901586
3	0.82699833	0.17388314	0.28644587	0.29820099	0.42425327	0.40088287	0.69171164	0.29149803	0.72932173	0.44290407	0.94331054	0.70306549	0.89380939	0.78344821	0.80948035
3	0.56499609	0.95987508	0.98685222	0.23612917	0.41323775	0.58056478	0.61727081	0.10449967	0.18222802	0.039267746	1.0049683	0.70670092	0.96922671	0.83876572	0.92077943
3	0.1100485	0.8099138	0.37505158	0.53931058	0.2210571	0.41131417	0.91977719	0.063738697	0.95110736	0.21302177	0.92818282	0.73472435	0.86066181	0.85696312	0.95038566
3	0.86019024	0.66808593	0.4691052	0.86198984	0.24128561	0.58218134	0.41692201	0.070763582	0.65811618	0.16781169	0.8297781	0.74461531	0.96113011	0.83888688	0.96566957
3	0.39722826	0.17882779	0.30952498	0.083820882	0.62292405	0.1530687	0.64288981	0.92477243	0.63398255	0.5402228	0.92793124	0.76401949	1.0166432	0.88861129	1.0067016
3	0.006107803	0.27519649	0.2394917	0.31834483	0.61760065	0.88378881	0.12135365	0.58542596	0.58061755	0.21664738	0.87204493	0.69903595	0.86421652	0.80445412	0.89821174
3	0.54800916	0.87353646	0.29828415	0.38084753	0.6193868	0.60653725	0.87572061	0.60219044	0.021929823	0.85337101	0.89576234	0.73494063	0.949931	0.86175764	0.90644683
3	0.25141348	0.43143338	0.10704016	0.445789	0.1588243	0.70213823	0.84622836	0.6342782	0.18901056	0.72424703	0.86082968	0.8364384	0.89848926	0.79676742	1.0045769